2.16 3883 
2.17 3930 +67
2.18 3996 +66
2.19 4030 +34
2.20 4054 +24
2.21  4167 +113
2.22  4374 +217
2.23  4482 +108
2.24  4544 +62
2.25  4595  2430.3 3832  ＋51
2.26  4624  2457.4  3889  +39 
2.27 4690 2490.8 3994   +66
2.28 4846  2567.2 4233    +156 
2.29 5044  2654.8 4365 +198
3.1 5156 2758.9 4440 +112
3.2 5236 2791.2 4534 +80 
3.3 5305 2815.6 4652 +69
3.4 5360 2840.2 4738 +55
3.5 5396 2866.2 4832 +36
3.6 5532 2952.3 5144 +146
3.7 5691 3027.3 5333 +159
3.8 5827 3082.2 5523 +136
3.9 5937 3128.1 5688 +110
3.10 6032 3171.5 5892 +97
3.11 6120 3219.3 6090 +88
3.12 6192  3268  6281 +72
3.13 6410  3398.1 6755 +218
3.14 6576  3500.1 7036 +166
3.15 6717  3568.4  7363 +141
3.16 6855  3639.4  7651 +138
3.17 6962  3693.7  7944 +107 
3.18 7057  3745.7  8155 +95
3.19 7130  3791.2  8355 +73
